21938|21938|A|Document.xml
<?xml version='1.0' encoding='utf-8'?>
<!--
 FreeCAD Document, see http://www.freecadweb.org for more information...
-->
<Document SchemaVersion="4" ProgramVersion="0.18R16146 (Git)" FileVersion="1">
    <Properties Count="14">
        <Property name="Comment" type="App::PropertyString">
            <String value=""/>
        </Property>
        <Property name="Company" type="App::PropertyString">
            <String value=""/>
        </Property>
        <Property name="CreatedBy" type="App::PropertyString">
            <String value="Felix Morgner &lt;felix.morgner@gmail.com&gt;"/>
        </Property>
        <Property name="CreationDate" type="App::PropertyString">
            <String value="2020-11-25T21:49:23Z"/>
        </Property>
        <Property name="Id" type="App::PropertyString">
            <String value=""/>
        </Property>
        <Property name="Label" type="App::PropertyString">
            <String value="d20_stand"/>
        </Property>
        <Property name="LastModifiedBy" type="App::PropertyString">
            <String value="Felix Morgner &lt;felix.morgner@gmail.com&gt;"/>
        </Property>
        <Property name="LastModifiedDate" type="App::PropertyString">
            <String value="2020-11-25T22:14:06Z"/>
        </Property>
        <Property name="License" type="App::PropertyString">
            <String value="CreativeCommons Attribution-ShareAlike"/>
        </Property>
        <Property name="LicenseURL" type="App::PropertyString">
            <String value="http://creativecommons.org/licenses/by-sa/4.0/"/>
        </Property>
        <Property name="Material" type="App::PropertyMap">
            <Map count="0">
            </Map>
        </Property>
        <Property name="Meta" type="App::PropertyMap">
            <Map count="0">
            </Map>
        </Property>
        <Property name="TipName" type="App::PropertyString">
            <String value=""/>
        </Property>
        <Property name="Uid" type="App::PropertyUUID">
            <Uuid value="1ec007d3-2371-4815-a120-1a9eb0120a1d"/>
        </Property>
    </Properties>
    <Objects Count="12">
        <Object type="Part::FeaturePython" name="icosahedron" />
        <Object type="PartDesign::Body" name="Body" />
        <Object type="App::Origin" name="Origin" />
        <Object type="App::Line" name="X_Axis" />
        <Object type="App::Line" name="Y_Axis" />
        <Object type="App::Line" name="Z_Axis" />
        <Object type="App::Plane" name="XY_Plane" />
        <Object type="App::Plane" name="XZ_Plane" />
        <Object type="App::Plane" name="YZ_Plane" />
        <Object type="Sketcher::SketchObject" name="Sketch" />
        <Object type="PartDesign::Pad" name="Pad" />
        <Object type="PartDesign::Boolean" name="Boolean" />
    </Objects>
    <ObjectData Count="12">
        <Object name="icosahedron">
            <Properties Count="7">
                <Property name="ExpressionEngine" type="App::PropertyExpressionEngine">
                    <ExpressionEngine count="0">
                    </ExpressionEngine>
                </Property>
                <Property name="Label" type="App::PropertyString">
                    <String value="icosahedron"/>
                </Property>
                <Property name="Placement" type="App::PropertyPlacement">
                    <PropertyPlacement Px="0.0000000000000000" Py="0.0000000000000000" Pz="12.5000000000000000" Q0="0.0000000000000000" Q1="0.0000000000000000" Q2="0.0000000000000000" Q3="1.0000000000000000" A="0.0000000000000000" Ox="0.0000000000000000" Oy="0.0000000000000000" Oz="1.0000000000000000"/>
                </Property>
                <Property name="Proxy" type="App::PropertyPythonObject">
                    <Python value="eyJyYWRpdXN2YWx1ZSI6IDExLjV9" encoded="yes" module="__main__" class="Icosahedron"/>
                </Property>
                <Property name="Radius" type="App::PropertyLength" group="Icosahedron" doc="Radius of the icosahedron" attr="0" ro="0" hide="0">
                    <Float value="11.5000000000000000"/>
                </Property>
                <Property name="Shape" type="Part::PropertyPartShape">
                    <Part file="PartShape.brp"/>
                </Property>
                <Property name="Side" type="App::PropertyLength" group="Icosahedron" doc="Sidelength of the icosahedron" attr="0" ro="0" hide="0">
                    <Float value="12.0918155787400732"/>
                </Property>
            </Properties>
        </Object>
        <Object name="Body" Extensions="True">
            <Extensions Count="1">
                <Extension type="App::OriginGroupExtension" name="OriginGroupExtension">
                </Extension>
            </Extensions>
            <Properties Count="8">
                <Property name="BaseFeature" type="App::PropertyLink">
                    <Link value=""/>
                </Property>
                <Property name="ExpressionEngine" type="App::PropertyExpressionEngine">
                    <ExpressionEngine count="0">
                    </ExpressionEngine>
                </Property>
                <Property name="Group" type="App::PropertyLinkList">
                    <LinkList count="3">
                        <Link value="Sketch"/>
                        <Link value="Pad"/>
                        <Link value="Boolean"/>
                    </LinkList>
                </Property>
                <Property name="Label" type="App::PropertyString">
                    <String value="Body"/>
                </Property>
                <Property name="Origin" type="App::PropertyLink">
                    <Link value="Origin"/>
                </Property>
                <Property name="Placement" type="App::PropertyPlacement">
                    <PropertyPlacement Px="0.0000000000000000" Py="0.0000000000000000" Pz="0.0000000000000000" Q0="0.0000000000000000" Q1="0.0000000000000000" Q2="0.0000000000000000" Q3="1.0000000000000000" A="0.0000000000000000" Ox="0.0000000000000000" Oy="0.0000000000000000" Oz="1.0000000000000000"/>
                </Property>
                <Property name="Shape" type="Part::PropertyPartShape">
                    <Part file="PartShape1.brp"/>
                </Property>
                <Property name="Tip" type="App::PropertyLink">
                    <Link value="Boolean"/>
                </Property>
            </Properties>
        </Object>
        <Object name="Origin">
            <Properties Count="3">
                <Property name="ExpressionEngine" type="App::PropertyExpressionEngine">
                    <ExpressionEngine count="0">
                    </ExpressionEngine>
                </Property>
                <Property name="Label" type="App::PropertyString">
                    <String value="Origin"/>
                </Property>
                <Property name="OriginFeatures" type="App::PropertyLinkList">
                    <LinkList count="6">
                        <Link value="X_Axis"/>
                        <Link value="Y_Axis"/>
                        <Link value="Z_Axis"/>
                        <Link value="XY_Plane"/>
                        <Link value="XZ_Plane"/>
                        <Link value="YZ_Plane"/>
                    </LinkList>
                </Property>
            </Properties>
        </Object>
        <Object name="X_Axis">
            <Properties Count="4">
                <Property name="ExpressionEngine" type="App::PropertyExpressionEngine">
                    <ExpressionEngine count="0">
                    </ExpressionEngine>
                </Property>
                <Property name="Label" type="App::PropertyString">
                    <String value="X_Axis"/>
                </Property>
                <Property name="Placement" type="App::PropertyPlacement">
                    <PropertyPlacement Px="0.0000000000000000" Py="0.0000000000000000" Pz="0.0000000000000000" Q0="0.0000000000000000" Q1="0.0000000000000000" Q2="0.0000000000000000" Q3="1.0000000000000000" A="0.0000000000000000" Ox="0.0000000000000000" Oy="0.0000000000000000" Oz="1.0000000000000000"/>
                </Property>
                <Property name="Role" type="App::PropertyString">
                    <String value="X_Axis"/>
                </Property>
            </Properties>
        </Object>
        <Object name="Y_Axis">
            <Properties Count="4">
                <Property name="ExpressionEngine" type="App::PropertyExpressionEngine">
                    <ExpressionEngine count="0">
                    </ExpressionEngine>
                </Property>
                <Property name="Label" type="App::PropertyString">
                    <String value="Y_Axis"/>
                </Property>
                <Property name="Placement" type="App::PropertyPlacement">
                    <PropertyPlacement Px="0.0000000000000000" Py="0.0000000000000000" Pz="0.0000000000000000" Q0="0.5000000000000000" Q1="0.5000000000000000" Q2="0.5000000000000000" Q3="0.5000000000000001" A="2.0943951023931953" Ox="0.5773502691896258" Oy="0.5773502691896258" Oz="0.5773502691896258"/>
                </Property>
                <Property name="Role" type="App::PropertyString">
                    <String value="Y_Axis"/>
                </Property>
            </Properties>
        </Object>
        <Object name="Z_Axis">
            <Properties Count="4">
                <Property name="ExpressionEngine" type="App::PropertyExpressionEngine">
                    <ExpressionEngine count="0">
                    </ExpressionEngine>
                </Property>
                <Property name="Label" type="App::PropertyString">
                    <String value="Z_Axis"/>
                </Property>
                <Property name="Placement" type="App::PropertyPlacement">
                    <PropertyPlacement Px="0.0000000000000000" Py="0.0000000000000000" Pz="0.0000000000000000" Q0="0.5000000000000001" Q1="0.5000000000000001" Q2="0.5000000000000001" Q3="-0.4999999999999998" A="4.1887902047863905" Ox="0.5773502691896258" Oy="0.5773502691896258" Oz="0.5773502691896258"/>
                </Property>
                <Property name="Role" type="App::PropertyString">
                    <String value="Z_Axis"/>
                </Property>
            </Properties>
        </Object>
        <Object name="XY_Plane">
            <Properties Count="4">
                <Property name="ExpressionEngine" type="App::PropertyExpressionEngine">
                    <ExpressionEngine count="0">
                    </ExpressionEngine>
                </Property>
                <Property name="Label" type="App::PropertyString">
                    <String value="XY_Plane"/>
                </Property>
                <Property name="Placement" type="App::PropertyPlacement">
                    <PropertyPlacement Px="0.0000000000000000" Py="0.0000000000000000" Pz="0.0000000000000000" Q0="0.0000000000000000" Q1="0.0000000000000000" Q2="0.0000000000000000" Q3="1.0000000000000000" A="0.0000000000000000" Ox="0.0000000000000000" Oy="0.0000000000000000" Oz="1.0000000000000000"/>
                </Property>
                <Property name="Role" type="App::PropertyString">
                    <String value="XY_Plane"/>
                </Property>
            </Properties>
        </Object>
        <Object name="XZ_Plane">
            <Properties Count="4">
                <Property name="ExpressionEngine" type="App::PropertyExpressionEngine">
                    <ExpressionEngine count="0">
                    </ExpressionEngine>
                </Property>
                <Property name="Label" type="App::PropertyString">
                    <String value="XZ_Plane"/>
                </Property>
                <Property name="Placement" type="App::PropertyPlacement">
                    <PropertyPlacement Px="0.0000000000000000" Py="0.0000000000000000" Pz="0.0000000000000000" Q0="0.7071067811865475" Q1="0.0000000000000000" Q2="0.0000000000000000" Q3="0.7071067811865475" A="1.5707963267948968" Ox="1.0000000000000000" Oy="0.0000000000000000" Oz="0.0000000000000000"/>
                </Property>
                <Property name="Role" type="App::PropertyString">
                    <String value="XZ_Plane"/>
                </Property>
            </Properties>
        </Object>
        <Object name="YZ_Plane">
            <Properties Count="4">
                <Property name="ExpressionEngine" type="App::PropertyExpressionEngine">
                    <ExpressionEngine count="0">
                    </ExpressionEngine>
                </Property>
                <Property name="Label" type="App::PropertyString">
                    <String value="YZ_Plane"/>
                </Property>
                <Property name="Placement" type="App::PropertyPlacement">
                    <PropertyPlacement Px="0.0000000000000000" Py="0.0000000000000000" Pz="0.0000000000000000" Q0="0.5000000000000000" Q1="0.5000000000000000" Q2="0.5000000000000000" Q3="0.5000000000000001" A="2.0943951023931953" Ox="0.5773502691896258" Oy="0.5773502691896258" Oz="0.5773502691896258"/>
                </Property>
                <Property name="Role" type="App::PropertyString">
                    <String value="YZ_Plane"/>
                </Property>
            </Properties>
        </Object>
        <Object name="Sketch" Extensions="True">
            <Extensions Count="1">
                <Extension type="Part::AttachExtension" name="AttachExtension">
                </Extension>
            </Extensions>
            <Properties Count="13">
                <Property name="AttacherType" type="App::PropertyString">
                    <String value="Attacher::AttachEnginePlane"/>
                </Property>
                <Property name="AttachmentOffset" type="App::PropertyPlacement">
                    <PropertyPlacement Px="0.0000000000000000" Py="0.0000000000000000" Pz="0.0000000000000000" Q0="0.0000000000000000" Q1="0.0000000000000000" Q2="0.0000000000000000" Q3="1.0000000000000000" A="0.0000000000000000" Ox="0.0000000000000000" Oy="0.0000000000000000" Oz="1.0000000000000000"/>
                </Property>
                <Property name="Constraints" type="Sketcher::PropertyConstraintList">
                    <ConstraintList count="2">
                        <Constrain Name="" Type="1" Value="0.0000000000000000" First="0" FirstPos="3" Second="-1" SecondPos="1" Third="-2000" ThirdPos="0" LabelDistance="10.0000000000000000" LabelPosition="0.0000000000000000" IsDriving="1" IsInVirtualSpace="0" />
                        <Constrain Name="" Type="18" Value="24.0000000000000000" First="0" FirstPos="0" Second="-2000" SecondPos="0" Third="-2000" ThirdPos="0" LabelDistance="2.3094012737274170" LabelPosition="10.0000000000000000" IsDriving="1" IsInVirtualSpace="0" />
                    </ConstraintList>
                </Property>
                <Property name="ExpressionEngine" type="App::PropertyExpressionEngine">
                    <ExpressionEngine count="0">
                    </ExpressionEngine>
                </Property>
                <Property name="ExternalGeometry" type="App::PropertyLinkSubList">
                    <LinkSubList count="0">
                    </LinkSubList>
                </Property>
                <Property name="Geometry" type="Part::PropertyGeometryList">
                    <GeometryList count="1">
                        <Geometry  type="Part::GeomCircle">
                            <Construction value="0"/>
                            <Circle CenterX="0.0000000000000000" CenterY="0.0000000000000000" CenterZ="0.0000000000000000" NormalX="0.0000000000000000" NormalY="0.0000000000000000" NormalZ="1.0000000000000000" AngleXU="-0.0000000000000000" Radius="12.0000000000000000"/>
                        </Geometry>
                    </GeometryList>
                </Property>
                <Property name="Label" type="App::PropertyString">
                    <String value="Sketch"/>
                </Property>
                <Property name="MapMode" type="App::PropertyEnumeration">
                    <Integer value="5"/>
                </Property>
                <Property name="MapPathParameter" type="App::PropertyFloat">
                    <Float value="0.0000000000000000"/>
                </Property>
                <Property name="MapReversed" type="App::PropertyBool">
                    <Bool value="false"/>
                </Property>
                <Property name="Placement" type="App::PropertyPlacement">
                    <PropertyPlacement Px="0.0000000000000000" Py="0.0000000000000000" Pz="0.0000000000000000" Q0="0.0000000000000000" Q1="0.0000000000000000" Q2="0.0000000000000000" Q3="1.0000000000000000" A="0.0000000000000000" Ox="0.0000000000000000" Oy="0.0000000000000000" Oz="1.0000000000000000"/>
                </Property>
                <Property name="Shape" type="Part::PropertyPartShape">
                    <Part file="PartShape2.brp"/>
                </Property>
                <Property name="Support" type="App::PropertyLinkSubList">
                    <LinkSubList count="1">
                        <Link obj="XY_Plane" sub=""/>
                    </LinkSubList>
                </Property>
            </Properties>
        </Object>
        <Object name="Pad">
            <Properties Count="15">
                <Property name="AddSubShape" type="Part::PropertyPartShape">
                    <Part file="PartShape3.brp"/>
                </Property>
                <Property name="BaseFeature" type="App::PropertyLink">
                    <Link value=""/>
                </Property>
                <Property name="ExpressionEngine" type="App::PropertyExpressionEngine">
                    <ExpressionEngine count="0">
                    </ExpressionEngine>
                </Property>
                <Property name="Label" type="App::PropertyString">
                    <String value="Pad"/>
                </Property>
                <Property name="Length" type="App::PropertyLength">
                    <Float value="8.0000000000000000"/>
                </Property>
                <Property name="Length2" type="App::PropertyLength">
                    <Float value="100.0000000000000000"/>
                </Property>
                <Property name="Midplane" type="App::PropertyBool">
                    <Bool value="false"/>
                </Property>
                <Property name="Offset" type="App::PropertyLength">
                    <Float value="0.0000000000000000"/>
                </Property>
                <Property name="Placement" type="App::PropertyPlacement">
                    <PropertyPlacement Px="0.0000000000000000" Py="0.0000000000000000" Pz="0.0000000000000000" Q0="0.0000000000000000" Q1="0.0000000000000000" Q2="0.0000000000000000" Q3="1.0000000000000000" A="0.0000000000000000" Ox="0.0000000000000000" Oy="0.0000000000000000" Oz="1.0000000000000000"/>
                </Property>
                <Property name="Profile" type="App::PropertyLinkSub">
                    <LinkSub value="Sketch" count="0">
                    </LinkSub>
                </Property>
                <Property name="Refine" type="App::PropertyBool">
                    <Bool value="true"/>
                </Property>
                <Property name="Reversed" type="App::PropertyBool">
                    <Bool value="false"/>
                </Property>
                <Property name="Shape" type="Part::PropertyPartShape">
                    <Part file="PartShape4.brp"/>
                </Property>
                <Property name="Type" type="App::PropertyEnumeration">
                    <Integer value="0"/>
                </Property>
                <Property name="UpToFace" type="App::PropertyLinkSub">
                    <LinkSub value="" count="0">
                    </LinkSub>
                </Property>
            </Properties>
        </Object>
        <Object name="Boolean" Extensions="True">
            <Extensions Count="1">
                <Extension type="App::GeoFeatureGroupExtension" name="GeoFeatureGroupExtension">
                </Extension>
            </Extensions>
            <Properties Count="8">
                <Property name="BaseFeature" type="App::PropertyLink">
                    <Link value="Pad"/>
                </Property>
                <Property name="ExpressionEngine" type="App::PropertyExpressionEngine">
                    <ExpressionEngine count="0">
                    </ExpressionEngine>
                </Property>
                <Property name="Group" type="App::PropertyLinkList">
                    <LinkList count="1">
                        <Link value="icosahedron"/>
                    </LinkList>
                </Property>
                <Property name="Label" type="App::PropertyString">
                    <String value="Boolean"/>
                </Property>
                <Property name="Placement" type="App::PropertyPlacement">
                    <PropertyPlacement Px="0.0000000000000000" Py="0.0000000000000000" Pz="0.0000000000000000" Q0="0.0000000000000000" Q1="0.0000000000000000" Q2="0.0000000000000000" Q3="1.0000000000000000" A="0.0000000000000000" Ox="0.0000000000000000" Oy="0.0000000000000000" Oz="1.0000000000000000"/>
                </Property>
                <Property name="Refine" type="App::PropertyBool">
                    <Bool value="true"/>
                </Property>
                <Property name="Shape" type="Part::PropertyPartShape">
                    <Part file="PartShape5.brp"/>
                </Property>
                <Property name="Type" type="App::PropertyEnumeration">
                    <Integer value="1"/>
                </Property>
            </Properties>
        </Object>
    </ObjectData>
</Document>

23667|23667|A|PartShape.brp

CASCADE Topology V1, (c) Matra-Datavision
Locations 1
1
1.000000000000000 0.000000000000000 0.000000000000000 0.000000000000000 
0.000000000000000 1.000000000000000 0.000000000000000 0.000000000000000 
0.000000000000000 0.000000000000000 1.000000000000000 12.500000000000000 
Curve2ds 60
1 6.04590778937003748 3.49060648968844367 -1.00000000000000000 0.00000000000000014 
8 0.00000000000000000 12.09181557874007318
1 6.04590778937003392 -3.49060648968844678 -1.00000000000000000 0.00000000000000031 
1 -6.04590778937003570 3.49060648968844589 0.49999999999999983 -0.86602540378443871 
1 -6.04590778937003748 -3.49060648968844678 1.00000000000000000 0.00000000000000003 
1 -0.00000000000000089 -6.98121297937689089 0.50000000000000022 0.86602540378443860 
8 0.00000000000000000 12.09181557874007318
1 -4.89124214802422941 4.98127342281185292 0.96352549156242118 -0.26761656732981765 
1 -4.89124214802422941 4.98127342281185115 0.24999999999999989 -0.96824583655185426 
1 6.04590778937003659 3.49060648968844678 -1.00000000000000000 -0.00000000000000001 
1 -1.86828825333921245 -6.72657666765607321 0.71352549156242129 0.70062926922203661 
8 0.00000000000000000 12.09181557874007318
1 3.49060648968844589 -6.04590778937003748 -0.86602540378443860 0.50000000000000022 
1 3.49060648968844500 -6.04590778937003659 0.00000000000000023 1.00000000000000000 
1 -3.49060648968844678 6.04590778937003570 0.00000000000000006 -1.00000000000000000 
1 3.49060648968844767 6.04590778937003570 -0.86602540378443893 -0.49999999999999983 
8 0.00000000000000000 12.09181557874007318
1 1.86828825333921245 -6.72657666765607409 -0.71352549156242107 0.70062926922203694 
1 1.86828825333921000 -6.72657666765607498 0.25000000000000028 0.96824583655185426 
1 6.04590778937003570 3.49060648968844633 -1.00000000000000000 0.00000000000000001 
1 4.89124214802423118 4.98127342281184937 -0.96352549156242118 -0.26761656732981720 
8 0.00000000000000000 12.09181557874007318
1 0.00000000000000178 6.98121297937689089 0.49999999999999972 -0.86602540378443882 
1 0.00000000000000133 6.98121297937689000 -0.50000000000000033 -0.86602540378443849 
1 -6.04590778937003659 -3.49060648968844633 1.00000000000000000 -0.00000000000000001 
1 6.04590778937003570 -3.49060648968844678 -0.49999999999999989 0.86602540378443860 
1 0.00000000000000084 6.98121297937689356 -0.50000000000000011 -0.86602540378443860 
1 -0.00000000000000044 6.98121297937689445 -0.49999999999999983 -0.86602540378443871 
1 3.49060648968844589 6.04590778937003570 -0.86602540378443871 -0.50000000000000000 
1 -6.04590778937003837 -3.49060648968844589 1.00000000000000000 0.00000000000000000 
1 -1.86828825333921045 6.72657666765607409 -0.25000000000000022 -0.96824583655185414 
1 6.04590778937003748 -3.49060648968844633 -0.49999999999999989 0.86602540378443860 
1 0.00000000000000132 -6.98121297937689445 0.49999999999999978 0.86602540378443871 
1 -6.04590778937003659 3.49060648968844678 0.49999999999999983 -0.86602540378443871 
1 -0.00000000000000013 -6.98121297937689356 0.49999999999999989 0.86602540378443860 
1 6.04590778937003659 3.49060648968844633 -1.00000000000000000 0.00000000000000001 
1 0.00000000000000000 -6.98121297937689267 0.50000000000000011 0.86602540378443871 
1 -6.04590778937003748 3.49060648968844633 0.49999999999999989 -0.86602540378443860 
1 6.98121297937689356 0.00000000000000017 -0.86602540378443882 0.49999999999999994 
1 -3.49060648968844589 -6.04590778937003659 0.86602540378443871 0.50000000000000000 
1 0.00000000000000043 -6.98121297937689356 0.49999999999999994 0.86602540378443882 
1 6.04590778937003570 3.49060648968844633 -1.00000000000000000 -0.00000000000000004 
1 6.04590778937003570 -3.49060648968844678 -0.49999999999999978 0.86602540378443882 
1 -6.04590778937003748 3.49060648968844589 0.50000000000000000 -0.86602540378443871 
1 -0.00000000000000017 -6.98121297937689356 0.49999999999999989 0.86602540378443871 
1 -6.04590778937003659 3.49060648968844633 0.49999999999999994 -0.86602540378443871 
1 -0.00000000000000116 6.98121297937689445 -0.50000000000000000 -0.86602540378443860 
1 -6.04590778937003837 -3.49060648968844678 1.00000000000000000 0.00000000000000001 
1 4.89124214802422941 -4.98127342281185381 -0.24999999999999981 0.96824583655185426 
1 6.04590778937003659 -3.49060648968844678 -0.50000000000000011 0.86602540378443860 
1 0.00000000000000033 6.98121297937689356 -0.50000000000000011 -0.86602540378443871 
1 6.04590778937003570 -3.49060648968844633 -0.49999999999999989 0.86602540378443882 
1 -6.98121297937689356 -0.00000000000000104 0.86602540378443882 -0.49999999999999983 
1 3.49060648968844678 -6.04590778937003570 -0.00000000000000006 1.00000000000000000 
1 -3.49060648968844500 6.04590778937003659 -0.00000000000000023 -1.00000000000000000 
1 6.75953040136344185 -1.74530324484422383 -0.71352549156242095 0.70062926922203694 
8 0.00000000000000000 12.09181557874007318
1 6.98121297937689356 -0.00000000000000089 -0.86602540378443893 -0.49999999999999978 
1 -4.89124214802423118 -4.98127342281185026 0.96352549156242129 0.26761656732981726 
8 0.00000000000000000 12.09181557874007318
1 -0.00000000000000089 -6.98121297937689000 -0.49999999999999978 0.86602540378443871 
1 6.04590778937003837 3.49060648968844500 -1.00000000000000000 0.00000000000000017 
8 0.00000000000000000 12.09181557874007318
1 6.04590778937003659 -3.49060648968844678 -1.00000000000000000 0.00000000000000025 
1 0.00000000000000222 6.98121297937689178 -0.50000000000000033 -0.86602540378443860 
8 0.00000000000000000 12.09181557874007318
1 4.89124214802422941 -4.98127342281185381 -0.96352549156242118 0.26761656732981776 
1 1.86828825333921333 6.72657666765607498 -0.71352549156242129 -0.70062926922203672 
8 0.00000000000000000 12.09181557874007318
1 -3.49060648968844589 6.04590778937003748 0.86602540378443860 -0.50000000000000022 
Curves 30
1 0.00000000000000000 0.00000000000000000 -11.50000000000000000 -0.85065080835203988 0.00000000000000010 0.52573111211913348 
1 -10.28591269649903239 0.00000000000000126 -5.14295634824951708 0.58778525229247292 -0.80901699437494756 0.00000000000000000 
1 -3.17852182587524323 -9.78248429604845882 -5.14295634824951708 0.26286555605956691 0.80901699437494734 -0.52573111211913348 
1 -3.17852182587524323 -9.78248429604845882 -5.14295634824951708 0.95105651629515353 0.30901699437494723 0.00000000000000000 
1 8.32147817412475632 -6.04590778937003837 -5.14295634824951708 -0.68819096023558657 0.50000000000000011 -0.52573111211913348 
1 8.32147817412475632 -6.04590778937003837 -5.14295634824951708 0.00000000000000029 1.00000000000000000 0.00000000000000000 
1 8.32147817412475987 6.04590778937003392 -5.14295634824951708 -0.68819096023558690 -0.49999999999999978 -0.52573111211913348 
1 8.32147817412475987 6.04590778937003392 -5.14295634824951708 -0.95105651629515342 0.30901699437494773 0.00000000000000000 
1 -3.17852182587523879 9.78248429604846059 -5.14295634824951708 0.26286555605956652 -0.80901699437494756 -0.52573111211913348 
1 -3.17852182587523879 9.78248429604846059 -5.14295634824951708 -0.58778525229247336 -0.80901699437494723 0.00000000000000000 
1 -3.17852182587524323 -9.78248429604845882 -5.14295634824951708 -0.42532540417601988 0.30901699437494740 0.85065080835203988 
1 -8.32147817412475987 -6.04590778937003570 5.14295634824951708 -0.16245984811645300 0.50000000000000000 -0.85065080835204010 
1 -8.32147817412475987 -6.04590778937003570 5.14295634824951708 0.95105651629515353 -0.30901699437494762 0.00000000000000000 
1 3.17852182587523968 -9.78248429604846059 5.14295634824951708 -0.52573111211913348 0.00000000000000015 -0.85065080835204010 
1 8.32147817412475632 -6.04590778937003837 -5.14295634824951708 -0.42532540417601994 -0.30901699437494740 0.85065080835204010 
1 3.17852182587523968 -9.78248429604846059 5.14295634824951708 0.58778525229247325 0.80901699437494734 0.00000000000000000 
1 10.28591269649903239 -0.00000000000000252 5.14295634824951708 -0.16245984811645328 -0.49999999999999994 -0.85065080835204010 
1 8.32147817412475987 6.04590778937003392 -5.14295634824951708 0.16245984811645300 -0.50000000000000000 0.85065080835204010 
1 10.28591269649903239 -0.00000000000000252 5.14295634824951708 -0.58778525229247280 0.80901699437494756 0.00000000000000000 
1 3.17852182587524501 9.78248429604845882 5.14295634824951708 0.42532540417601972 -0.30901699437494756 -0.85065080835203988 
1 -3.17852182587523879 9.78248429604846059 -5.14295634824951708 0.52573111211913348 -0.00000000000000015 0.85065080835203988 
1 3.17852182587524501 9.78248429604845882 5.14295634824951708 -0.95105651629515375 -0.30901699437494723 0.00000000000000000 
1 -8.32147817412475632 6.04590778937003837 5.14295634824951708 0.42532540417602005 0.30901699437494734 -0.85065080835203988 
1 -10.28591269649903239 0.00000000000000378 -5.14295634824951708 0.16245984811645328 0.49999999999999983 0.85065080835204010 
1 -8.32147817412475632 6.04590778937003837 5.14295634824951708 -0.00000000000000029 -1.00000000000000000 0.00000000000000000 
1 0.00000000000000000 0.00000000000000000 11.50000000000000000 -0.68819096023558690 -0.49999999999999994 -0.52573111211913348 
1 3.17852182587523968 -9.78248429604846059 5.14295634824951708 -0.26286555605956663 0.80901699437494756 0.52573111211913348 
1 10.28591269649903239 -0.00000000000000252 5.14295634824951708 -0.85065080835203988 0.00000000000000021 0.52573111211913348 
1 3.17852182587524501 9.78248429604845882 5.14295634824951708 -0.26286555605956707 -0.80901699437494734 0.52573111211913348 
1 -8.32147817412475632 6.04590778937003837 5.14295634824951708 0.68819096023558657 -0.50000000000000011 0.52573111211913348 
Polygon3D 0
PolygonOnTriangulations 0
Surfaces 20
1 -4.48814484079142595 -3.26082809868281931 -7.26197089883301228 0.49112347318842303 0.35682208977308988 0.79465447229176622 0.85065080835203999 0.00000000000000003 -0.52573111211913370 -0.18759247408507987 0.93417235896271567 -0.30353099910334302 
1 -4.48814484079142328 3.26082809868282197 -7.26197089883301228 0.49112347318842292 -0.35682208977308999 0.79465447229176622 0.85065080835204010 0.00000000000000000 -0.52573111211913359 0.18759247408507987 0.93417235896271567 0.30353099910334319 
1 -7.26197089883301228 -5.27613069513949906 -1.71431878274983918 -0.79465447229176622 -0.57735026918962573 -0.18759247408507998 0.58778525229247314 -0.80901699437494756 0.00000000000000000 -0.15176549955167165 -0.11026408970826797 0.98224694637684618 
1 1.71431878274983784 -5.27613069513949906 -7.26197089883301228 -0.18759247408507979 0.57735026918962573 0.79465447229176611 0.00000000000000000 0.80901699437494745 -0.58778525229247314 -0.98224694637684606 -0.11026408970826786 -0.15176549955167146 
1 2.77382605804158455 -8.53695879382231837 -1.71431878274983918 0.30353099910334297 -0.93417235896271578 -0.18759247408507990 -0.95105651629515364 -0.30901699437494728 0.00000000000000001 -0.05796926250913158 0.17841104488654497 -0.98224694637684618 
1 5.54765211608317177 -0.00000000000000176 -7.26197089883301050 -0.60706199820668627 0.00000000000000014 0.79465447229176622 0.79465447229176622 0.00000000000000000 0.60706199820668627 0.00000000000000009 1.00000000000000000 -0.00000000000000011 
1 8.97628968158285012 -0.00000000000000235 -1.71431878274983918 0.98224694637684606 -0.00000000000000029 -0.18759247408507979 0.18759247408507979 -0.00000000000000000 0.98224694637684606 -0.00000000000000029 -1.00000000000000000 0.00000000000000005 
1 1.71431878274984051 5.27613069513949817 -7.26197089883301228 -0.18759247408508009 -0.57735026918962573 0.79465447229176611 -0.00000000000000001 0.80901699437494745 0.58778525229247314 -0.98224694637684606 0.11026408970826801 -0.15176549955167171 
1 2.77382605804158899 8.53695879382231837 -1.71431878274983918 0.30353099910334352 0.93417235896271567 -0.18759247408507990 0.95105651629515342 -0.30901699437494778 0.00000000000000000 -0.05796926250913167 -0.17841104488654494 -0.98224694637684606 
1 -7.26197089883300961 5.27613069513950084 -1.71431878274983918 -0.79465447229176600 0.57735026918962606 -0.18759247408507979 -0.58778525229247336 -0.80901699437494723 0.00000000000000000 -0.15176549955167146 0.11026408970826791 0.98224694637684606 
1 -2.77382605804158811 -8.53695879382231837 1.71431878274983918 0.30353099910334336 0.93417235896271567 -0.18759247408507976 0.95105651629515364 -0.30901699437494773 0.00000000000000001 -0.05796926250913160 -0.17841104488654483 -0.98224694637684606 
1 -8.97628968158285012 0.00000000000000274 1.71431878274983918 0.98224694637684606 -0.00000000000000029 -0.18759247408507979 0.18759247408507979 0.00000000000000000 0.98224694637684606 -0.00000000000000029 -1.00000000000000000 0.00000000000000005 
1 -1.71431878274983984 -5.27613069513949906 7.26197089883301228 -0.18759247408508001 -0.57735026918962573 0.79465447229176622 0.00000000000000000 0.80901699437494756 0.58778525229247314 -0.98224694637684595 0.11026408970826795 -0.15176549955167165 
1 7.26197089883300961 -5.27613069513950084 1.71431878274983918 -0.79465447229176600 0.57735026918962595 -0.18759247408507979 -0.58778525229247336 -0.80901699437494734 -0.00000000000000001 -0.15176549955167146 0.11026408970826788 0.98224694637684606 
1 4.48814484079142328 -3.26082809868282109 7.26197089883301228 0.49112347318842309 -0.35682208977309005 0.79465447229176611 0.85065080835203988 0.00000000000000003 -0.52573111211913370 0.18759247408507998 0.93417235896271578 0.30353099910334319 
1 7.26197089883301228 5.27613069513949640 1.71431878274983918 -0.79465447229176622 -0.57735026918962562 -0.18759247408507979 0.58778525229247303 -0.80901699437494756 -0.00000000000000001 -0.15176549955167151 -0.11026408970826786 0.98224694637684606 
1 4.48814484079142595 3.26082809868281887 7.26197089883301228 0.49112347318842314 0.35682208977308971 0.79465447229176622 0.85065080835203988 -0.00000000000000003 -0.52573111211913370 -0.18759247408507979 0.93417235896271578 -0.30353099910334291 
1 -2.77382605804158411 8.53695879382231837 1.71431878274983918 0.30353099910334286 -0.93417235896271578 -0.18759247408507990 -0.95105651629515375 -0.30901699437494723 0.00000000000000001 -0.05796926250913158 0.17841104488654499 -0.98224694637684618 
1 -1.71431878274983718 5.27613069513949906 7.26197089883301228 -0.18759247408507984 0.57735026918962584 0.79465447229176611 0.00000000000000000 0.80901699437494745 -0.58778525229247325 -0.98224694637684618 -0.11026408970826790 -0.15176549955167151 
1 -5.54765211608317177 0.00000000000000176 7.26197089883301050 -0.60706199820668627 0.00000000000000015 0.79465447229176622 0.79465447229176622 0.00000000000000000 0.60706199820668627 0.00000000000000009 1.00000000000000000 -0.00000000000000012 
Triangulations 0

TShapes 84
Ve
0.000000100000000
0.000000000000000 0.000000000000000 -11.500000000000000
0 0

0101101
*
Ve
0.000000100000001
-10.285912696499032 0.000000000000003 -5.142956348249517
0 0

0101101
*
Ed
 0.000000100000000 1 1 0
1  1 0 0.000000000000000 12.091815578740073
2  1 1 0 0.000000000000000 12.091815578740073
2  2 2 0 0.000000000000000 12.091815578740073
4 C0 1 0 2 0
0

0101000
+84 0 -83 0 *
Ve
0.000000100000000
-3.178521825875243 -9.782484296048459 -5.142956348249517
0 0

0101101
*
Ed
 0.000000100000000 1 1 0
1  2 0 0.000000000000000 12.091815578740073
2  3 1 0 0.000000000000000 12.091815578740073
2  4 3 0 0.000000000000000 12.091815578740073
4 C0 1 0 3 0
0

0101000
+83 0 -81 0 *
Ed
 0.000000100000000 1 1 0
1  3 0 0.000000000000000 12.091815578740073
2  5 1 0 0.000000000000000 12.091815578740073
2  6 4 0 0.000000000000000 12.091815578740073
4 C0 1 0 4 0
0

0101000
+81 0 -84 0 *
Wi

0101100
+82 0 +80 0 +79 0 *
Fa
0  0.000000100000000 1 0

0111000
+78 0 *
Ve
0.000000100000000
8.321478174124756 -6.045907789370038 -5.142956348249517
0 0

0101101
*
Ed
 0.000000100000000 1 1 0
1  4 0 0.000000000000000 12.091815578740073
2  7 4 0 0.000000000000000 12.091815578740073
2  8 5 0 0.000000000000000 12.091815578740073
4 C0 4 0 5 0
0

0101000
+81 0 -76 0 *
Ed
 0.000000100000000 1 1 0
1  5 0 0.000000000000000 12.091815578740073
2  9 4 0 0.000000000000000 12.091815578740073
2  10 6 0 0.000000000000000 12.091815578740073
4 C0 4 0 6 0
0

0101000
+76 0 -84 0 *
Wi

0101100
-79 0 +75 0 +74 0 *
Fa
0  0.000000100000000 4 0

0111000
+73 0 *
Ve
0.000000100000000
8.321478174124760 6.045907789370034 -5.142956348249517
0 0

0101101
*
Ed
 0.000000100000000 1 1 0
1  6 0 0.000000000000000 12.091815578740071
2  11 6 0 0.000000000000000 12.091815578740071
2  12 7 0 0.000000000000000 12.091815578740071
4 C0 6 0 7 0
0

0101000
+76 0 -71 0 *
Ed
 0.000000100000000 1 1 0
1  7 0 0.000000000000000 12.091815578740073
2  13 6 0 0.000000000000000 12.091815578740073
2  14 8 0 0.000000000000000 12.091815578740073
4 C0 6 0 8 0
0

0101000
+71 0 -84 0 *
Wi

0101100
-74 0 +70 0 +69 0 *
Fa
0  0.000000100000000 6 0

0111000
+68 0 *
Ve
0.000000100000000
-3.178521825875239 9.782484296048461 -5.142956348249517
0 0

0101101
*
Ed
 0.000000100000000 1 1 0
1  8 0 0.000000000000000 12.091815578740073
2  15 8 0 0.000000000000000 12.091815578740073
2  16 9 0 0.000000000000000 12.091815578740073
4 C0 8 0 9 0
0

0101000
+71 0 -66 0 *
Ed
 0.000000100000000 1 1 0
1  9 0 0.000000000000000 12.091815578740073
2  17 8 0 0.000000000000000 12.091815578740073
2  18 2 0 0.000000000000000 12.091815578740073
4 C0 8 0 2 0
0

0101000
+66 0 -84 0 *
Wi

0101100
-69 0 +65 0 +64 0 *
Fa
0  0.000000100000000 8 0

0111000
+63 0 *
Ed
 0.000000100000000 1 1 0
1  10 0 0.000000000000000 12.091815578740073
2  19 2 0 0.000000000000000 12.091815578740073
2  20 10 0 0.000000000000000 12.091815578740073
4 C0 2 0 10 0
0

0101000
+66 0 -83 0 *
Wi

0101100
-64 0 +61 0 -82 0 *
Fa
0  0.000000100000000 2 0

0111000
+60 0 *
Ve
0.000000100000002
-8.321478174124760 -6.045907789370034 5.142956348249517
0 0

0101101
*
Ed
 0.000000100000000 1 1 0
1  11 0 0.000000000000000 12.091815578740075
2  21 3 0 0.000000000000000 12.091815578740075
2  22 11 0 0.000000000000000 12.091815578740075
4 C0 3 0 11 0
0

0101000
+81 0 -58 0 *
Ed
 0.000000100000000 1 1 0
